-- Midnight Chasers GUI:
-- Autofarm + Auto Races 🏁 + Anti AFK
-- AisbergHub

local Players           = game:GetService("Players")
local UIS               = game:GetService("UserInputService")
local Workspace         = game:GetService("Workspace")
local TweenService      = game:GetService("TweenService")
local ReplicatedStorage = game:GetService("ReplicatedStorage")

local LocalPlayer = Players.LocalPlayer

print("AisbergHub LocalScript loaded")

--------------------------------------------------
-- Константы Race1
--------------------------------------------------

local RACE1_START_CF = CFrame.new(
    3260.53076, -7.51575422, 1015.698,
    -3.36170197e-05, -0.951051414, -0.309032798,
    1, -3.36170197e-05, -5.31971455e-06,
    -5.31971455e-06, -0.309032798, 0.951051414
)

local RACE2_RETURN_CF = CFrame.new(
    -8727.46875, 34.2898026, 1997.198,
    1.00135803e-05, -0.308971882, -0.951071143,
    -1, -1.00135803e-05, -7.30156898e-06,
    -7.30156898e-06, 0.951071143, -0.308971882
)

local RACE3_RETURN_CF = CFrame.new(
    -5955.0791, 12.836174, 439.346008,
    -1.00135803e-05, -0.308971882, -0.951071143,
    -1, 1.00135803e-05, 7.30156898e-06,
    7.30156898e-06, 0.951071143, -0.308971882
)

local RACE4_RETURN_CF = CFrame.new(
    564.704651, -7.7411437, 7405.72021,
    1.00135803e-05, -0.308971882, -0.951071143,
    -1, -1.00135803e-05, -7.30156898e-06,
    -7.30156898e-06, 0.951071143, -0.308971882
)


--------------------------------------------------
-- Welcome баннер
--------------------------------------------------

local function showWelcomeAndThen(callback)
    local gui = Instance.new("ScreenGui")
    gui.Name = "AisbergHub_Welcome"
    gui.ResetOnSpawn = false
    gui.Parent = LocalPlayer:WaitForChild("PlayerGui")

    local frame = Instance.new("Frame")
    frame.Size = UDim2.new(0, 420, 0, 80)
    frame.AnchorPoint = Vector2.new(0.5, 0.5)
    frame.Position = UDim2.new(0.5, 0, 0.5, 0)
    frame.BackgroundColor3 = Color3.fromRGB(20, 20, 20)
    frame.BorderSizePixel = 0
    frame.BackgroundTransparency = 1
    frame.Parent = gui

    local corner = Instance.new("UICorner")
    corner.CornerRadius = UDim.new(0, 8)
    corner.Parent = frame

    local stroke = Instance.new("UIStroke")
    stroke.Thickness = 1.5
    stroke.Color = Color3.fromRGB(90, 140, 255)
    stroke.ApplyStrokeMode = Enum.ApplyStrokeMode.Border
    stroke.Transparency = 1
    stroke.Parent = frame

    local title = Instance.new("TextLabel")
    title.BackgroundTransparency = 1
    title.Position = UDim2.new(0, 12, 0, 12)
    title.Size = UDim2.new(1, -24, 0, 26)
    title.Font = Enum.Font.GothamBold
    title.TextSize = 22
    title.TextXAlignment = Enum.TextXAlignment.Center
    title.TextColor3 = Color3.fromRGB(255, 255, 255)
    title.TextTransparency = 1
    title.Text = "WELCOME TO THE AISBERG HUB!"
    title.Parent = frame

    local desc = Instance.new("TextLabel")
    desc.BackgroundTransparency = 1
    desc.Position = UDim2.new(0, 12, 0, 40)
    desc.Size = UDim2.new(1, -24, 0, 26)
    desc.Font = Enum.Font.Gotham
    desc.TextSize = 14
    desc.TextWrapped = true
    desc.TextXAlignment = Enum.TextXAlignment.Center
    desc.TextColor3 = Color3.fromRGB(200, 200, 200)
    desc.TextTransparency = 1
    desc.Text = "Midnight Chasers • Autofarm • City Highway Race • Future Races"
    desc.Parent = frame

    local inInfo = TweenInfo.new(0.4, Enum.EasingStyle.Quad, Enum.EasingDirection.Out)
    TweenService:Create(frame,  inInfo, {BackgroundTransparency = 0.05}):Play()
    TweenService:Create(stroke, inInfo, {Transparency = 0}):Play()
    TweenService:Create(title,  inInfo, {TextTransparency = 0}):Play()
    TweenService:Create(desc,   inInfo, {TextTransparency = 0.1}):Play()
    task.wait(0.45)

    task.wait(2.0)

    local outInfo = TweenInfo.new(0.4, Enum.EasingStyle.Quad, Enum.EasingDirection.In)
    TweenService:Create(frame,  outInfo, {BackgroundTransparency = 1}):Play()
    TweenService:Create(stroke, outInfo, {Transparency = 1}):Play()
    TweenService:Create(title,  outInfo, {TextTransparency = 1}):Play()
    TweenService:Create(desc,   outInfo, {TextTransparency = 1}):Play()
    task.wait(0.45)

    gui:Destroy()
    if callback then callback() end
end

--------------------------------------------------
-- Основной GUI (создаётся после welcome)
--------------------------------------------------

local function createMainGui()
    local PlayerGui = LocalPlayer:WaitForChild("PlayerGui")

    --------------------------------------------------
    -- Anti AFK
    --------------------------------------------------

    warn("Anti AFK launching")
    LocalPlayer.Idled:Connect(function()
        warn("Anti AFK triggered, sending fake input")
        local vu = game:GetService("VirtualUser")
        vu:CaptureController()
        vu:ClickButton2(Vector2.new())
    end)

    --------------------------------------------------
    -- GUI
    --------------------------------------------------

    local screenGui = Instance.new("ScreenGui")
    screenGui.Name = "MidnightChasersGui"
    screenGui.ResetOnSpawn = false
    screenGui.Parent = PlayerGui

    local mainFrame = Instance.new("Frame")
    mainFrame.Name = "MainFrame"
    mainFrame.Size = UDim2.new(0, 260, 0, 320)
    mainFrame.Position = UDim2.new(0, 20, 0.5, -160)
    mainFrame.BackgroundColor3 = Color3.fromRGB(20, 20, 20)
    mainFrame.BorderSizePixel = 0
    mainFrame.Active = true
    mainFrame.Draggable = true
    mainFrame.Parent = screenGui

    local title = Instance.new("TextLabel")
    title.Size = UDim2.new(1, 0, 0, 30)
    title.BackgroundColor3 = Color3.fromRGB(30, 30, 30)
    title.BorderSizePixel = 0
    title.Font = Enum.Font.GothamBold
    title.Text = "Midnight Chasers GUI"
    title.TextColor3 = Color3.fromRGB(255, 255, 255)
    title.TextSize = 16
    title.TextXAlignment = Enum.TextXAlignment.Left
    title.Parent = mainFrame

    local closeBtn = Instance.new("TextButton")
    closeBtn.Name = "CloseButton"
    closeBtn.Size = UDim2.new(0, 30, 1, 0)
    closeBtn.Position = UDim2.new(1, -30, 0, 0)
    closeBtn.BackgroundTransparency = 1
    closeBtn.Font = Enum.Font.GothamBold
    closeBtn.Text = "X"
    closeBtn.TextSize = 18
    closeBtn.TextColor3 = Color3.fromRGB(255, 80, 80)
    closeBtn.Parent = title

    closeBtn.MouseButton1Click:Connect(function()
        print("[AisbergHub] GUI closed")
        screenGui:Destroy()
    end)

    --------------------------------------------------
    -- Remove NPCVehicles
    --------------------------------------------------

    local removeBtn = Instance.new("TextButton")
    removeBtn.Size = UDim2.new(1, -20, 0, 30)
    removeBtn.Position = UDim2.new(0, 10, 0, 40)
    removeBtn.BackgroundColor3 = Color3.fromRGB(170, 50, 50)
    removeBtn.BorderSizePixel = 0
    removeBtn.Font = Enum.Font.GothamBold
    removeBtn.Text = "Remove NPC Vehicles"
    removeBtn.TextColor3 = Color3.fromRGB(255, 255, 255)
    removeBtn.TextSize = 14
    removeBtn.Parent = mainFrame

    removeBtn.MouseButton1Click:Connect(function()
        local ok, err = pcall(function()
            local folder = Workspace:FindFirstChild("NPCVehicles")
            if folder then
                folder:Destroy()
                print("[AisbergHub] NPC Vehicles removed")
            else
                print("[AisbergHub] NPC Vehicles folder not found")
            end
        end)
        if not ok then
            warn("[RemoveBtn] Error:", err)
        end
    end)

    --------------------------------------------------
    -- Speed
    --------------------------------------------------

    local speedLabel = Instance.new("TextLabel")
    speedLabel.Size = UDim2.new(1, -20, 0, 20)
    speedLabel.Position = UDim2.new(0, 10, 0, 80)
    speedLabel.BackgroundTransparency = 1
    speedLabel.Font = Enum.Font.GothamBold
    speedLabel.Text = "Speed:"
    speedLabel.TextColor3 = Color3.fromRGB(255, 255, 255)
    speedLabel.TextSize = 14
    speedLabel.TextXAlignment = Enum.TextXAlignment.Left
    speedLabel.Parent = mainFrame

    local speedBox = Instance.new("TextBox")
    speedBox.Name = "SpeedBox"
    speedBox.Size = UDim2.new(1, -20, 0, 25)
    speedBox.Position = UDim2.new(0, 10, 0, 105)
    speedBox.BackgroundColor3 = Color3.fromRGB(40, 40, 40)
    speedBox.BorderSizePixel = 0
    speedBox.Font = Enum.Font.Gotham
    speedBox.PlaceholderText = "200–350 норм"
    speedBox.Text = "250"
    speedBox.TextColor3 = Color3.fromRGB(255, 255, 255)
    speedBox.TextSize = 14
    speedBox.ClearTextOnFocus = false
    speedBox.Parent = mainFrame

    local function getSpeed()
        local n = tonumber(speedBox.Text)
        if not n or n <= 0 then
            n = 250
            speedBox.Text = "250"
        end
        return n
    end

    --------------------------------------------------
    -- Очистка мира (для Autofarm)
    --------------------------------------------------

    local function hideWorkspaceObjects(plr)
        local ok, err = pcall(function()
            if not ReplicatedStorage:FindFirstChild("mrbackupfolder") then
                local folder = Instance.new("Folder")
                folder.Name = "mrbackupfolder"
                folder.Parent = ReplicatedStorage
            end
            local backup = ReplicatedStorage:FindFirstChild("mrbackupfolder")

            local mustRemoveByName = {
                Bush = true,
                BeltPole = true,
                Bridge = true,
                BridgeAccent = true,
                Curve = true,
                GarageLamp = true,
                Hangar = true,
                HedgeTall = true,
                MapBoard = true,
                PortCraneOversized = true,
                RailGuide = true
            }

            for _, v in pairs(Workspace:GetChildren()) do
                local name = v.Name or ""
                local isPlayerCar = string.find(name, plr.Name) or string.find(name, plr.DisplayName)

                if v == Workspace.Terrain then
                    continue
                end

                if mustRemoveByName[name] then
                    v.Parent = backup
                    continue
                end

                if (v:IsA("Model") or v:IsA("Folder") or v:IsA("MeshPart"))
                    and not isPlayerCar
                    and name ~= "" then
                    v.Parent = backup
                end
            end
        end)
        if not ok then
            warn("[hideWorkspaceObjects] Error:", err)
        end
    end

    local function restoreWorkspaceObjects()
        local ok, err = pcall(function()
            local backup = ReplicatedStorage:FindFirstChild("mrbackupfolder")
            if backup then
                for _, v in pairs(backup:GetChildren()) do
                    v.Parent = Workspace
                    task.wait()
                end
            end
        end)
        if not ok then
            warn("[restoreWorkspaceObjects] Error:", err)
        end
    end

    --------------------------------------------------
    -- Wheel hide/restore for tweening
    --------------------------------------------------

    local function hideCarWheels(car)
        local ok, err = pcall(function()
            -- создаём общий backup для колёс
            if not ReplicatedStorage:FindFirstChild("WheelBackup") then
                local folder = Instance.new("Folder")
                folder.Name = "WheelBackup"
                folder.Parent = ReplicatedStorage
            end
            local backup = ReplicatedStorage:FindFirstChild("WheelBackup")

            -- индивидуальная папка под конкретную машину
            local carFolderName = "Wheels_" .. (car.Name or "Car")
            local carFolder = backup:FindFirstChild(carFolderName)
            if carFolder then
                carFolder:ClearAllChildren()
            else
                carFolder = Instance.new("Folder")
                carFolder.Name = carFolderName
                carFolder.Parent = backup
            end

            -- ищем колёса по имени/папке; при необходимости допиши свои условия
            for _, part in ipairs(car:GetDescendants()) do
                if part:IsA("BasePart") and (part.Name:lower():find("wheel") or part.Name:lower():find("rim")) then
                    -- сохраняем исходный Anchored/CanCollide
                    part:SetAttribute("OrigAnchored", part.Anchored)
                    part:SetAttribute("OrigCanCollide", part.CanCollide)

                    -- клонируем в backup (на всякий случай, если позже захочешь пересобирать)
                    local clone = part:Clone()
                    clone.Parent = carFolder

                    -- временно «отключаем» колесо, но не трогаем weld/constraints
                    part.Anchored = true
                    part.CanCollide = false
                    part.Transparency = 1
                end
            end
        end)
        if not ok then
            warn("[hideCarWheels] Error:", err)
        end
    end

    local function restoreCarWheels(car)
        local ok, err = pcall(function()
            for _, part in ipairs(car:GetDescendants()) do
                if part:IsA("BasePart") and (part.Name:lower():find("wheel") or part.Name:lower():find("rim")) then
                    local a = part:GetAttribute("OrigAnchored")
                    local c = part:GetAttribute("OrigCanCollide")

                    if a ~= nil then part.Anchored = a end
                    if c ~= nil then part.CanCollide = c end

                    part.Transparency = 0
                end
            end
        end)
        if not ok then
            warn("[restoreCarWheels] Error:", err)
        end
    end

    --------------------------------------------------
    -- Платформы
    --------------------------------------------------

    local function ensureFarmGround()
        if not _G.farmGround then
            local p = Instance.new("Part")
            p.Name = "FarmGround"
            p.Anchored = true
            p.Size = Vector3.new(10000, 10, 10000)
            p.Transparency = 0
            p.CanCollide = true
            p.Parent = Workspace
            _G.farmGround = p
        end
    end

    local function ensureRaceGround()
        if not _G.raceGround then
            local p = Instance.new("Part")
            p.Name = "RaceGround"
            p.Anchored = true
            p.Size = Vector3.new(50, 10, 50)
            p.Transparency = 1
            p.CanCollide = true
            p.Parent = Workspace
            _G.raceGround = p
        end
    end

    --------------------------------------------------
    -- Твины
    --------------------------------------------------

    local currentTween

    local function tweenFarm(car, targetCFrame, speed)
        local ok, err = pcall(function()
            ensureFarmGround()

            local plr = LocalPlayer
            local hrp = plr.Character and plr.Character:FindFirstChild("HumanoidRootPart")
            if not hrp then
                warn("[tweenFarm] No HumanoidRootPart")
                return
            end

            local targetPos = targetCFrame.Position
            local dist = (hrp.Position - targetPos).Magnitude
            local info = TweenInfo.new(dist / speed, Enum.EasingStyle.Linear, Enum.EasingDirection.InOut, 0, false, 0)

            local cfValue = Instance.new("CFrameValue")
            cfValue.Value = car:GetPrimaryPartCFrame()

            cfValue.Changed:Connect(function()
                local pos = cfValue.Value.Position
                _G.farmGround.Position = pos - Vector3.new(0, 14, 0)
                car:PivotTo(CFrame.new(_G.farmGround.Position + Vector3.new(0, 7, 0), targetPos))
                car.PrimaryPart.AssemblyLinearVelocity = car.PrimaryPart.CFrame.LookVector * speed
            end)

            if currentTween then
                currentTween:Cancel()
            end
            currentTween = TweenService:Create(cfValue, info, {Value = targetCFrame})
            currentTween:Play()

            repeat task.wait() until currentTween.PlaybackState ~= Enum.PlaybackState.Playing

            cfValue:Destroy()
        end)
        if not ok then
            warn("[tweenFarm] Error:", err)
        end
    end

    local function tweenRace(car, targetCFrame, speed)
        local ok, err = pcall(function()
            ensureRaceGround()

            local plr = LocalPlayer
            local hrp = plr.Character and plr.Character:FindFirstChild("HumanoidRootPart")
            if not hrp then
                warn("[tweenRace] No HumanoidRootPart")
                return
            end

            local targetPos = targetCFrame.Position
            local dist = (hrp.Position - targetPos).Magnitude
            local info = TweenInfo.new(dist / speed, Enum.EasingStyle.Linear, Enum.EasingDirection.InOut, 0, false, 0)

            local cfValue = Instance.new("CFrameValue")
            cfValue.Value = car:GetPrimaryPartCFrame()

            cfValue.Changed:Connect(function()
                local pos = cfValue.Value.Position
                _G.raceGround.Position = Vector3.new(pos.X, targetPos.Y - 2, pos.Z)
                car:PivotTo(CFrame.new(Vector3.new(pos.X, targetPos.Y + 1, pos.Z), targetPos))
                car.PrimaryPart.AssemblyLinearVelocity = car.PrimaryPart.CFrame.LookVector * speed
            end)

            if currentTween then
                currentTween:Cancel()
            end
            currentTween = TweenService:Create(cfValue, info, {Value = targetCFrame})
            currentTween:Play()

            repeat task.wait() until currentTween.PlaybackState ~= Enum.PlaybackState.Playing

            cfValue:Destroy()
        end)
        if not ok then
            warn("[tweenRace] Error:", err)
        end
    end

    --------------------------------------------------
    -- Маршрут фарма
    --------------------------------------------------

    local farmFrames = {
        CFrame.new(105.419128, -26.0098934, 7965.37988,
            -3.36e-05, 0.951051414, -0.309032798,
            -1, -3.36e-05, 5.32e-06,
            -5.32e-06, 0.309032798, 0.951051414),

        CFrame.new(2751.86499, -26.0098934, 3694.63354,
            3.35e-05, 0.951051414, -0.309032798,
            -1, 3.35e-05, -5.32e-06,
            5.32e-06, 0.309032798, 0.951051414),

        CFrame.new(-8821.48438, -26.0098934, 2042.49939,
            -3.36e-05, 0.951051414, -0.309032798,
            -1, -3.36e-05, 5.32e-06,
            -5.32e-06, 0.309032798, 0.951051414),

        CFrame.new(-6408.62109, -26.0098934, -727.765198,
            3.35e-05, 0.951051414, -0.309032798,
            -1, 3.35e-05, -5.32e-06,
            5.32e-06, 0.309032798, 0.951051414),

        CFrame.new(-6099.79639, -26.00989345, -1027.94556,
            -3.36e-05, 0.951051414, -0.309032798,
            -1, -3.36e-05, 5.32e-06,
            -5.32e-06, 0.309032798, 0.951051414),

        CFrame.new(-6066.70068, -26.0098934, 493.255524,
            3.35e-05, 0.951051414, -0.309032798,
            -1, 3.35e-05, -5.32e-06,
            5.32e-06, 0.309032798, 0.951051414),

        CFrame.new(132.786133, -26.0098934, 15.2286377,
            3.35e-05, 0.951051414, -0.309032798,
            -1, 3.35e-05, -5.32e-06,
            5.32e-06, 0.309032798, 0.951051414),

        CFrame.new(-7692.85449, -26.0098934, -4668.61963,
            -3.36e-05, 0.951051414, -0.309032798,
            -1, -3.36e-05, 5.32e-06,
            -5.32e-06, 0.309032798, 0.951051414),

        CFrame.new(4887.24609, -26.0098934, 1222.96826,
            -3.36e-05, 0.951051414, -0.309032798,
            -1, -3.36e-05, 5.32e-06,
            -5.32e-06, 0.309032798, 0.951051414)
    }

    --------------------------------------------------
    -- City Highway Race (Race1) чекпоинты
    --------------------------------------------------

    local race1Frames = {
    CFrame.new(3322.75391, -2.98221874, 856.207031, 0.961249948, 0, -0.275678426, 0, 1, 0, 0.275678426, 0, 0.961249948),
    CFrame.new(3029.10547, -2.98221874, 660.068298, 0.90629667, 0, -0.422642082, 0, 1, 0, 0.422642082, 0, 0.90629667),
    CFrame.new(2712.34058, -2.71214509, 551.92157, 0.961249948, 0, -0.275678426, 0, 1, 0, 0.275678426, 0, 0.961249948),
    CFrame.new(2243.67383, 11.4915237, 400.449432, 0.961249948, 0, -0.275678426, 0, 1, 0, 0.275678426, 0, 0.961249948),
    CFrame.new(1904.4292, 26.7461739, 291.238892, 0.961249948, 0, -0.275678426, 0, 1, 0, 0.275678426, 0, 0.961249948),
    CFrame.new(1530.24976, 31.9470787, 174.713318, 0.961249948, 0, -0.275678426, 0, 1, 0, 0.275678426, 0, 0.961249948),
    CFrame.new(1003.00555, 31.9470787, 89.626709, 0.997561574, 0, -0.0697919354, 0, 1, 0, 0.0697919354, 0, 0.997561574),
    CFrame.new(650.276245, 31.9470787, 85.0392456, 0.997561574, 0, -0.0697919354, 0, 1, 0, 0.0697919354, 0, 0.997561574),
    CFrame.new(-70.900238, 31.9470787, 85.0537109, 0.997561574, 0, -0.0697919354, 0, 1, 0, 0.0697919354, 0, 0.997561574),
    CFrame.new(-598.24646, 31.9470787, 90.0340347, 0.999847949, 0, -0.017436387, 0, 1, 0, 0.017436387, 0, 0.999847949),
    CFrame.new(-1268.20715, 27.0799713, 127.024689, 0.987685978, 0, 0.156449571, 0, 1, 0, -0.156449571, 0, 0.987685978),
    CFrame.new(-1907.91687, 0.0381088257, 273.76712, 0.987685978, 0, 0.156449571, 0, 1, 0, -0.156449571, 0, 0.987685978),
    CFrame.new(-2636.75439, 1.82433498, 428.236969, 0.987685978, 0, 0.156449571, 0, 1, 0, -0.156449571, 0, 0.987685978),
    CFrame.new(-3216.68896, 31.0067902, 553.627808, 0.978144467, 0, 0.207926437, 0, 1, 0, -0.207926437, 0, 0.978144467),
    CFrame.new(-3950.38281, 35.2188492, 709.579285, 0.978144467, 0, 0.207926437, 0, 1, 0, -0.207926437, 0, 0.978144467),
    CFrame.new(-4660.51465, 42.7382584, 850.088745, 0.978144467, 0, 0.207926437, 0, 1, 0, -0.207926437, 0, 0.978144467),
    CFrame.new(-5585.84326, 31.2532387, 1047.83704, 0.978144467, 0, 0.207926437, 0, 1, 0, -0.207926437, 0, 0.978144467),
    CFrame.new(-6619.23975, 21.7995338, 1267.49231, 0.978144467, 0, 0.207926437, 0, 1, 0, -0.207926437, 0, 0.978144467),
    CFrame.new(-7327.26025, 22.3056812, 1417.98682, 0.978144467, 0, 0.207926437, 0, 1, 0, -0.207926437, 0, 0.978144467),
    CFrame.new(-7820.7583, 21.3901939, 1591.68262, 0.933587551, 0, 0.358349502, 0, 1, 0, -0.358349502, 0, 0.933587551),
    CFrame.new(-8344.27539, 20.6600914, 1812.5863, 0.933587551, 0, 0.358349502, 0, 1, 0, -0.358349502, 0, 0.933587551),
    CFrame.new(-8820.78027, -8.071908, 2015.47388, 0.933587551, 0, 0.358349502, 0, 1, 0, -0.358349502, 0, 0.933587551),
    CFrame.new(-9545.16992, -71.8721237, 2322.55127, 0.933587551, 0, 0.358349502, 0, 1, 0, -0.358349502, 0, 0.933587551),
    CFrame.new(-10178.4844, -110.570114, 2591.98633, 0.933587551, 0, 0.358349502, 0, 1, 0, -0.358349502, 0, 0.933587551),
    CFrame.new(-10954.001, -101.621788, 2920.5835, 0.933587551, 0, 0.358349502, 0, 1, 0, -0.358349502, 0, 0.933587551),
    CFrame.new(-11599.6211, -49.2231827, 3194.64307, 0.933587551, 0, 0.358349502, 0, 1, 0, -0.358349502, 0, 0.933587551),
    CFrame.new(-12213.9854, -3.47495794, 3455.35791, 0.919960797, 0.0320986696, 0.390693992, -0.0348859616, 0.999391317, 0, -0.390454978, -0.0136640742, 0.920520604),
    CFrame.new(-12793.209, 10.828455, 3767.78052, 0.81912142, 0.00712457765, 0.573575914, -0.00868201349, 0.99996233, 0, -0.573554456, -0.0049616769, 0.819152415),
    CFrame.new(-13161.6553, 11.159811, 4079.8335, 0.707134247, 0, 0.707079291, 0, 1, 0, -0.707079291, 0, 0.707134247),
    CFrame.new(-13403.7881, 11.0526257, 4361.42969, 0.601813793, 0, 0.798636556, 0, 1, 0, -0.798636556, 0, 0.601813793),
    CFrame.new(-13679.3564, 8.66459465, 4764.74365, 0.559090972, -0.00979252718, 0.829048514, 0.0174922645, 0.999846995, 0, -0.828921795, 0.0144943399, 0.559176683),
    CFrame.new(-14051.54, -1.67275488, 5316.52441, 0.559090972, -0.00979252718, 0.829048514, 0.0174922645, 0.999846995, 0, -0.828921795, 0.0144943399, 0.559176683),
    CFrame.new(-14523.7363, 15.3383675, 6016.58105, 0.559090972, -0.00979252718, 0.829048514, 0.0174922645, 0.999846995, 0, -0.828921795, 0.0144943399, 0.559176683),
    CFrame.new(-14915.6709, 18.7657909, 6628.46875, 0.492420912, 0, 0.870357215, 0, 1, 0, -0.870357215, 0, 0.492420912),
    CFrame.new(-15249.7275, 18.6684055, 7331.59912, 0.36646831, 0, 0.930430532, 0, 1, 0, -0.930430532, 0, 0.36646831),
    CFrame.new(-15492.6279, 15.5853186, 8070.8833, 0.292322516, -0.00514886947, 0.956305981, 0.0174715482, 0.999847353, 0, -0.956160188, 0.0166956857, 0.292367876),
    CFrame.new(-15689.4658, 3.47872114, 8714.70117, 0.292322516, -0.00514886947, 0.956305981, 0.0174715482, 0.999847353, 0, -0.956160188, 0.0166956857, 0.292367876),
    CFrame.new(-15938.4365, -8.56782627, 9528.88477, 0.292318881, 0, 0.956320882, 0, 1, 0, -0.956320882, 0, 0.292318881),
    CFrame.new(-16209.9053, 10.1734743, 10416.8262, 0.292318881, 0, 0.956320882, 0, 1, 0, -0.956320882, 0, 0.292318881),
    CFrame.new(-16381.2129, 20.5226669, 11257.2275, 0.15644598, 0, 0.987686574, 0, 1, 0, -0.987686574, 0, 0.15644598),
    CFrame.new(-16520.5859, 23.4347839, 12137.5049, 0.156420708, 0.0034087766, 0.987684667, -0.0217956547, 0.999762475, 0, -0.987450063, -0.0215274431, 0.156457841)
    }

    --------------------------------------------------
    -- City Highway Race (Race2) чекпоинты
    --------------------------------------------------

    local race2Frames = {
    CFrame.new(-8575.7587890625, 34.82500076293945, 1782.8040771484375, -0.9205795526504517, 0, -0.39055532217025757, 0, 1, 0, 0.39055532217025757, 0, -0.9205795526504517),
    CFrame.new(-8044.82373046875, 17.8251953125, 1582.7677001953125, -0.9740527868270874, 0, -0.2263212502002716, 0, 1, 0, 0.2263212502002716, 0, -0.9740527868270874),
    CFrame.new(-7866.2783203125, 21.287841796875, 1544.6524658203125, -0.9168555736541748, 0, -0.39921894669532776, 0, 1, 0, 0.39921894669532776, 0, -0.9168555736541748),
    CFrame.new(-7447.4326171875, 21.287841796875, 1386.7655029296875, -0.9660875797271729, 0, -0.25821611285209656, 0, 1, 0, 0.25821611285209656, 0, -0.9660875797271729),
    CFrame.new(-7073.21142578125, 21.287841796875, 1301.2430419921875, -0.9827617406845093, 0, -0.18487673997879028, 0, 1, 0, 0.18487673997879028, 0, -0.9827617406845093),
    CFrame.new(-6703.59814453125, 18.787841796875, 1206.3546142578125, -0.9325770139694214, 0, -0.3609711229801178, 0, 1, 0, 0.3609711229801178, 0, -0.9325770139694214),
    CFrame.new(-6448.83447265625, 20.787841796875, 1121.66943359375, -0.9805814027786255, 0, -0.19611413776874542, 0, 1, 0, 0.19611413776874542, 0, -0.9805814027786255),
    CFrame.new(-5664.44775390625, 87.287841796875, 844.1929931640625, -0.6600607633590698, 0, -0.7512127161026001, 0, 1, 0, 0.7512127161026001, 0, -0.6600607633590698),
    CFrame.new(-5542.9833984375, 92.787841796875, 506.3602294921875, -0.007554531097412109, 0, -0.9999714493751526, 0, 1, 0, 0.9999714493751526, 0, -0.007554531097412109),
    CFrame.new(-5577.94287109375, 93.787841796875, 147.0277862548828, 0.15779083967208862, 0, -0.9874725937843323, 0, 1, 0, 0.9874725937843323, 0, 0.15779083967208862),
    CFrame.new(-5641.91748046875, 93.287841796875, -173.81797790527344, 0.2056025266647339, 0, -0.9786355495452881, 0, 1, 0, 0.9786355495452881, 0, 0.2056025266647339),
    CFrame.new(-5738.4228515625, 93.287841796875, -628.2302856445312, 0.16126012802124023, 0, -0.9869118928909302, 0, 1, 0, 0.9869118928909302, 0, 0.16126012802124023),
    CFrame.new(-5826.4638671875, 93.13402557373047, -1026.8524169921875, 0.344021737575531, 0, -0.9389617443084717, 0, 1, 0, 0.9389617443084717, 0, 0.344021737575531),
    CFrame.new(-6145.02392578125, 93.13400268554688, -1522.773193359375, 0.7207790613174438, 0, -0.6931648254394531, 0, 1, 0, 0.6931648254394531, 0, 0.7207790613174438),
    CFrame.new(-6631.74951171875, 93.134033203125, -1831.5572509765625, 0.9144090414047241, 0, -0.4047914743423462, 0, 1, 0, 0.4047914743423462, 0, 0.9144090414047241),
    CFrame.new(-7134.9345703125, 108.22358703613281, -2181.095458984375, 0.6699298620223999, 0.03508369252085686, -0.7415950298309326, -0.05230718478560448, 0.9986310601234436, -0.000008735805749893188, 0.7405794858932495, 0.038796599954366684, 0.6708478927612305),
    CFrame.new(-7365.3232421875, 128.98135375976562, -2507.16357421875, 0.5313416719436646, 0.027874696999788284, -0.8466989398002625, -0.05233405902981758, 0.999629629611969, 0.00003452785313129425, 0.8455396294593811, 0.04429284483194351, 0.5320723056793213),
    CFrame.new(-7696.3310546875, 153.40663146972656, -3033.544921875, 0.5319415330886841, 0.009280050173401833, -0.8467302322387695, -0.017463916912674904, 0.9998474717140198, -0.000013164244592189789, 0.8466010093688965, 0.01479422952979803, 0.5320224761962891),
    CFrame.new(-8065.32080078125, 149.0343475341797, -3619.0712890625, 0.5317648649215698, -0.016674116253852844, -0.8467280268669128, 0.031370364129543304, 0.9995078444480896, 0.000018603168427944183, 0.8463110327720642, -0.026572052389383316, 0.5320261716842651),
    CFrame.new(-8497.927734375, 111.3639144897461, -4307.74072265625, 0.5316613912582397, -0.020408550277352333, -0.8467110395431519, 0.03835974633693695, 0.9992640018463135, 0.0000010244548320770264, 0.8460878133773804, -0.03248016908764839, 0.5320529937744141),
    CFrame.new(-8663.8388671875, 103.33537292480469, -4567.08984375, 0.6175521612167358, -0.010769711807370186, -0.7864561676979065, 0.017487751320004463, 0.9998470544815063, 0.00004009716212749481, 0.7863355278968811, -0.013778111897408962, 0.6176460981369019),
    CFrame.new(-8867.1923828125, 98.77752685546875, -4700.83349609375, 0.9617946743965149, -0.016765287145972252, -0.2732580304145813, 0.017432106658816338, 0.9998480677604675, 0.000012321164831519127, 0.2732163071632385, -0.004775313660502434, 0.9619407653808594),
    CFrame.new(-9174.767578125, 92.92440795898438, -4663.35009765625, 0.873266339302063, -0.015266657806932926, 0.48700395226478577, 0.017481829971075058, 0.9998471736907959, -0.000004041474312543869, -0.48692944645881653, 0.008517248556017876, 0.8733997941017151),
    CFrame.new(-9373.265625, 86.34724426269531, -4378.79052734375, 0.1711956262588501, -0.0038559637032449245, 0.9852297306060791, 0.01741401106119156, 0.999847948551178, 0.0008872784674167633, -0.9850833415985107, 0.01700489968061447, 0.17123675346374512),
    CFrame.new(-9261.1826171875, 79.3418960571289, -4029.138427734375, -0.6962778568267822, 0.01150883361697197, 0.7176800966262817, 0.017428118735551834, 0.9998477101325989, 0.0008746674284338951, -0.7175607681274414, 0.013116825371980667, -0.696372389793396),
    CFrame.new(-8825.1279296875, 70.6834945678711, -3940.59375, -0.938707709312439, 0.016705453395843506, -0.3443089425563812, 0.017460104078054428, 0.9998471736907959, 0.0009089675731956959, 0.3442715108394623, -0.00515841506421566, -0.9388558864593506),
    CFrame.new(-8500.2626953125, 64.6602783203125, -4175.28955078125, -0.786575436592102, 0.006901794113218784, -0.6174562573432922, 0.008762759156525135, 0.9999616146087646, 0.00001451326534152031, 0.6174326539039612, -0.005399203393608332, -0.786605715751648),
    CFrame.new(-8021.13330078125, 63.65278625488281, -4551.37939453125, -0.786609411239624, 0, -0.6174509525299072, 0, 1, 0, 0.6174509525299072, 0, -0.786609411239624),
    CFrame.new(-7691.931640625, 63.65278625488281, -4809.775390625, -0.786609411239624, 0, -0.6174509525299072, 0, 1, 0, 0.6174509525299072, 0, -0.786609411239624),
    CFrame.new(-7263.4306640625, 64.15277862548828, -5174.84228515625, -0.6410832405090332, 0, -0.7674713134765625, 0, 1, 0, 0.7674713134765625, 0, -0.6410832405090332),
    CFrame.new(-7116.03955078125, 63.65278244018555, -5397.53125, -0.42055046558380127, 0, -0.9072691202163696, 0, 1, 0, 0.9072691202163696, 0, -0.42055046558380127),
    CFrame.new(-7001.58154296875, 63.65278625488281, -5700.833984375, -0.4519861936569214, 0, -0.8920249342918396, 0, 1, 0, 0.8920249342918396, 0, -0.4519861936569214),
    CFrame.new(-6814.08740234375, 63.095699310302734, -5928.64501953125, -0.7725975513458252, 0.006702766753733158, -0.6348607540130615, 0.007925198413431644, 0.9999681711196899, 0.0009129008976742625, 0.6348466873168945, -0.004326092544943094, -0.7726260423660278),
    CFrame.new(-6546.7109375, 56.13371276855469, -6055.47705078125, -0.9647648334503174, 0.03370669111609459, -0.26094555854797363, 0.03491083160042763, 0.9993904232978821, 0.000020703300833702087, 0.2607871890068054, -0.009089852683246136, -0.9653534889221191),
    CFrame.new(-5986.23876953125, 30.522863388061523, -6207, -0.9650263786315918, 0.025300312787294388, -0.2609288990497589, 0.026209097355604172, 0.9996564984321594, -0.000003253575414419174, 0.26083919405937195, -0.006841850932687521, -0.9653580188751221),
    CFrame.new(-5504.94580078125, 26.3916072845459, -6313.51318359375, -0.9942901134490967, 0, -0.10671401023864746, 0, 1, 0, 0.10671401023864746, 0, -0.9942901134490967),
    CFrame.new(-5258.3212890625, 26.38337516784668, -6351.01416015625, -0.9654548168182373, 0, -0.26057058572769165, 0, 1, 0, 0.26057058572769165, 0, -0.9654548168182373),
    CFrame.new(-4514.3330078125, 35.67873001098633, -6551.39404296875, -0.9652202129364014, -0.021103201434016228, -0.26058563590049744, -0.02185196615755558, 0.9997612237930298, -0.00002382206730544567, 0.26052388548851013, 0.005671313963830471, -0.9654508829116821),
    CFrame.new(-3997.58056640625, 37.9276008605957, -6640.2626953125, -0.9987249374389648, 0, 0.05048227682709694, 0, 1, 0, -0.05048227682709694, 0, -0.9987249374389648),
    CFrame.new(-3279.791748046875, 49.66529846191406, -6498.22314453125, -0.978371262550354, -0.017068788409233093, 0.2061510533094406, -0.01744449883699417, 0.9998478293418884, -0.000004884786903858185, -0.2061196118593216, -0.0036009810864925385, -0.9785201549530029),
    CFrame.new(-2669.7724609375, 53.92512130737305, -6352.20263671875, -0.9692317247390747, -0.008426439948379993, 0.2460072785615921, -0.008704648353159428, 0.9999620914459229, -0.00004348659422248602, -0.2459975928068161, -0.0021835551597177982, -0.9692684412002563),
    CFrame.new(-2415.87841796875, 56.316184997558594, -6252.24560546875, -0.8387516736984253, -0.007317863404750824, 0.5444650053977966, -0.008739324286580086, 0.999961793422699, -0.000023029744625091553, -0.5444440245628357, -0.004777572117745876, -0.8387836217880249),
    CFrame.new(-2072.349365234375, 60.985633850097656, -5851.7666015625, -0.40687644481658936, -0.003568492829799652, 0.9134761691093445, -0.008739342913031578, 0.999961793422699, 0.000013709533959627151, -0.9134413599967957, -0.007977603003382683, -0.4068920612335205),
    CFrame.new(-1960.7218017578125, 60.168914794921875, -5478.0986328125, -0.25885820388793945, 0.006784045137465, 0.9658914804458618, 0.026224013417959213, 0.999656081199646, 0.000006820075213909149, -0.9655592441558838, 0.025331318378448486, -0.2589470148086548),
    CFrame.new(-1715.314453125, 58.565773010253906, -4540.060546875, -0.19114220142364502, -0.006677339784801006, 0.9815399050712585, -0.03488769382238388, 0.9993912577629089, 0.000004863366484642029, -0.98094242811203, -0.03424272686243057, -0.19125878810882568),
    CFrame.new(-1664.3990478515625, 70.65484619140625, -3904.301025390625, 0.03448963165283203, 0, 0.999405026435852, 0, 1, 0, -0.999405026435852, 0, 0.03448963165283203),
    CFrame.new(-1717.4593505859375, 70.65483856201172, -3450.73828125, 0.19040656089782715, 0, 0.981705367565155, 0, 1, 0, -0.981705367565155, 0, 0.19040656089782715),
    CFrame.new(-1846.6739501953125, 70.65485382080078, -3004.767333984375, 0.35788869857788086, 0, 0.9337642788887024, 0, 1, 0, -0.9337642788887024, 0, 0.35788869857788086),
    CFrame.new(-2117.246337890625, 70.6550064086914, -2474.76220703125, 0.5442534685134888, 0, 0.8389208316802979, 0, 1, 0, -0.8389208316802979, 0, 0.5442534685134888),
    CFrame.new(-2298.99658203125, 69.70523071289062, -2192.1376953125, 0.4378715753555298, -0.007619455922394991, 0.8990052342414856, 0.017412010580301285, 0.9998484253883362, -0.0000065891072154045105, -0.8988688588142395, 0.015656374394893646, 0.43793785572052),
    CFrame.new(-2387.6748046875, 52.758262634277344, -1817.08154296875, 0.0348353385925293, -0.0015540290623903275, 0.9993919134140015, 0.04363960772752762, 0.9990473389625549, 0.00003236532211303711, -0.9984399080276489, 0.04361193999648094, 0.0348699688911438),
    CFrame.new(-2349.873779296875, 48.038551330566406, -1503.9534912109375, -0.17361879348754883, -0.0008032963378354907, 0.9848126173019409, -0.004354497417807579, 0.9999905228614807, 0.00004799524322152138, -0.984803318977356, -0.004280031193047762, -0.17362070083618164),
    CFrame.new(-2291.3974609375, 54.2334098815918, -1172.314208984375, -0.17357289791107178, -0.005324263125658035, 0.9848068952560425, -0.030512221157550812, 0.9995343685150146, 0.000026093795895576477, -0.9843485355377197, -0.030044110491871834, -0.17365455627441406),
    CFrame.new(-2225.834228515625, 71.77064514160156, -800.4710083007812, -0.17351019382476807, -0.007556557655334473, 0.9848031401634216, -0.04361376166343689, 0.9990484714508057, -0.000018343329429626465, -0.9838659167289734, -0.04295415058732033, -0.17367470264434814),
    CFrame.new(-2176.011474609375, 80.99737548828125, -517.9249267578125, -0.17359507083892822, -0.0038393409922719, 0.9848095774650574, -0.021816089749336243, 0.9997619986534119, 0.00005205255001783371, -0.9845754504203796, -0.021475661545991898, -0.1736375093460083),
    CFrame.new(-2092.11181640625, 83.04247283935547, -174.65167236328125, -0.37566590309143066, 0, 0.926755428314209, 0, 1, 0, -0.926755428314209, 0, -0.37566590309143066),
    CFrame.new(-2024.845703125, 81.48250579833984, -40.8236083984375, -0.6824768781661987, 0.020805031061172485, 0.7306110262870789, 0.03049841895699501, 0.9995347857475281, 0.000026163645088672638, -0.7302705645561218, 0.02230033650994301, -0.6827939748764038),
    CFrame.new(-1848.420166015625, 71.7042007446289, 45.820762634277344, -0.9948462247848511, 0.05214602127671242, 0.08695905655622482, 0.05234130844473839, 0.9986292719841003, -0.00003438652493059635, -0.0868416503071785, 0.004517341032624245, -0.9962120056152344),
    CFrame.new(-1510.80029296875, 49.86381530761719, 22.534460067749023, -0.9944891929626465, 0.07826211303472519, -0.06976033747196198, 0.07845478504896164, 0.9969176650047302, -0.000022038118913769722, 0.06954358518123627, -0.005494948476552963, -0.9975638389587402),
    CFrame.new(-1151.074951171875, 31.395599365234375, -1.6183972358703613, -0.9972195625305176, 0.02610422484576702, -0.06979835778474808, 0.026170535013079643, 0.9996575117111206, -0.00003560108598321676, 0.06977351754903793, -0.0018621624913066626, -0.9975610971450806),
    CFrame.new(-873.5902099609375, 34.2900390625, 14.955232620239258, -0.9993922710418701, 0, -0.03486879914999008, 0, 1, 0, 0.03486879914999008, 0, -0.9993922710418701),
    CFrame.new(-440.5827331542969, 31.028804779052734, 21.071741104125977, -1, 0, 0, 0, 1, 0, 0, 0, -1),
    CFrame.new(-71.58395385742188, 30.028823852539062, 22.46513557434082, -1, 0, 0, 0, 1, 0, 0, 0, -1),
    CFrame.new(580.4160766601562, 30.028823852539062, 22.46513557434082, -1, 0, 0, 0, 1, 0, 0, 0, -1),
    CFrame.new(1203.5965576171875, 30.028823852539062, 46.29104232788086, -0.9925510883331299, 0, 0.12183182686567307, 0, 1, 0, -0.12183182686567307, 0, -0.9925510883331299),
    CFrame.new(1704.564453125, 30.564414978027344, 159.2818603515625, -0.9510312080383301, 0.008309834636747837, 0.30898338556289673, 0.008741901256144047, 0.999961793422699, 0.000013928627595305443, -0.30897146463394165, 0.0027143487241119146, -0.9510675668716431),
    CFrame.new(2557.63232421875, -2.5672154426574707, 437.926025390625, -0.9507331848144531, 0.024927496910095215, 0.30900686979293823, 0.026223696768283844, 0.999656081199646, 0.00004146527498960495, -0.30889958143234253, 0.008142725564539433, -0.9510599374771118),
